kinematics:
  shoulder:
    x: 0
    y: 0
    z: 0.16262439142008331
    roll: -0
    pitch: 0
    yaw: 6.2232784127369545e-08
  upper_arm:
    x: 0.00015861195958189294
    y: 0
    z: 0
    roll: 1.5716132418663276
    pitch: 0
    yaw: -1.8426844115766228e-06
  forearm:
    x: -0.42507909828721491
    y: 0
    z: 0
    roll: 0.0018561400384744975
    pitch: -0.00039764197394352344
    yaw: 6.75526989274782e-06
  wrist_1:
    x: -0.39276800434660303
    y: -0.0004361156602100715
    z: 0.13300148964717551
    roll: 0.0032790166360887867
    pitch: -0.0018119416345094182
    yaw: -4.3664806221376452e-06
  wrist_2:
    x: 3.0494259281819705e-05
    y: -0.099722930009313759
    z: 2.0591526356419791e-05
    roll: 1.5705898394197078
    pitch: 0
    yaw: 3.6178446540927924e-06
  wrist_3:
    x: 8.4382629432199591e-05
    y: 0.099492312398872851
    z: 0.00013008842539123866
    roll: 1.5721038484327099
    pitch: 3.1415926535897931
    yaw: -3.1415925667600226
  hash: calib_1388461430621937413